0000000000010000000000000000000000000000000000000000000000000000000000000000000000000000010000000000
0000000000010000000000000000000000000000000000000000000000000000000000000000000000000000010000000000
0000000000010000000000000000000000000000000000000000000000000000000000000000000000000000010000000000
0000000000010000000000000000000000000000000000000000000000000000000000000000000000000000010000000000
0000000000010000000000000000000000000000000000000000000000000000000000000000000000000000010000000000
0000000000010000000000000000000000000000000000000000000000000000000000000000000000000000010000000000
0000000000010000000000000000000000000000000000000000000000000000000000000000000000000000010000000000
0000000000010000000000000000000000000000000000000000000000000000000000000000000000000000010000000000
0000000000010000000000000000000000000000000000000000000000000000000000000000000000000000010000000000
0000000000010000000000000000000000000000000000000000000000000000000000000000000000000000010000000000
0000000000010000000000000000000000000000000000000000000000000000000000000000000000000000010000000000
0000000000010000000000000000000000000000000000000000000000000000000000000000000000000000010000000000
0000000000010000000000000000000000000000000000000000000000000000000000000000000000000000010000000000
0000000000010000000000000000000000000000000000000000000000000000000000000000000000000000010000000000
0000000000010000000000000000000000000000000000000000000000000000000000000000000000000000010000000000
0000000000014444444444444444444444444444444444444444444444444444444444444444444444444444410000000000
0000000000014000000000000000000000000000000000000000000000000000000000000000000000000000410000000000
0000000000014004444444444000444444444444000440000004400440000000000000000011111111100000410000000000
0000000000014004000000000000440000000044000440000004400440000000000000000000000000100000410000000000
0000000000014004444444444000440000000044000440000004400440000000000000000011111111100000410000000000
0000000000014000000000004000440000000044000440000004400440000000000000000000000000100000410000000000
0000000000014004444444444000444444444444000444444444400444444444000000000011111111100000410000000000
0000000000014000000000000000000000000000000000000000000000000000000000000000000000000000410000000000
0000000000014000000000000004400000000000440044444400044400004400044444444400000000000000410000000000
0000000000014000000000000000440000000004400000440000044440004400040000000000000000000000410000000000
0000000000014000000000000000044000400044000000440000044044404400044444444400000000000000410000000000
0000000000014000000000000000004404040440000000440000044000444400000000000400000000000000410000000000
0000000000014000000000000000000440004400000044444400044000044400044444444400000000000000410000000000
0000000000014000000000000000000000000000000000000000000000000000000000000000000000000000410000000000
0000000000014444444444444444444444444444444444444444444444444444444444444444444444444444410000000000



0001111111110000
0000000000010000
0001111111110000
0000000000010000
0001111111110000
0000000000000000