0000000000000000000000000000000000000000000000000000000000000000000000000000000000000000000000000000
0000000000000000000000000000000000000000000000000000000000000000000000000000000000000000000000000000
0000000000000000000000000000000000000000000000000000000000000000000000000000000000000000000000000000
0000000000000000000000000000000000000000000000000000000000000000000000000000000000000000000000000000
0000000000000000000000000000000000000000000000000000000000000000000000000000000000000000000000000000
0000000000000000000000000000000000000000000000000000000000000000000000000000000000000000000000000000
0000000000000000000000000000044444404444440444444004444004444400444444000000000000000000000000000000
0000000000000000000000000000040000004000000400000040000404000040400000000000000000000000000000000000
0000000000000000000000000000044444404444440400000044444404444400444444000000000000000000000000000000
0000000000000000000000000000040000000000040400000040000404000000400000000000000000000000000000000000
0000000000000000000000000000044444404444440444444040000404000000444444000000000000000000000000000000
0000000000000000000000000000000000000000000000000000000000000000000000000000000000000000000000000000
0000000000000000000000000000000000004444440444440044444404400440000000000000000000000000000000000000
0000000000000000000000000000000000004000000400004040000404044040000000000000000000000000000000000000
0000000000000000000000000000000000004444000444440040000404000040000000000000000000000000000000000000
0000000000000000000000000000000000004000000400040004000404000040000000000000000000000000000000000000
0000000000000000000000000000000000004000000400004044444404000040000000000000000000000000000000000000
0000000000000000000000000000000000000000000000000000000000000000000000000000000000000000000000000000
0000000000000000000000000000000000000300003033333303000000300000000000000000000000000000000000000000
0000000000000000000000000000000000000300003030000003000000300000000000000000000000000000000000000000
0000000000000000000000000000000000000333333033333303000000300000000000000000000000000000000000000000
0000000000000000000000000000400000000300003030000003000000300000000000044400000000000000000000000000
0000000000000000000000000044440000000300003033333303333330333333000004444344000000000000000000000000
0000000000000000000000004443334444000000000000000000000000000000000444333443440000000000000000000000
0000000000000000000000004434444444400004444440000000044444440000044443334433444000000000000000000000
0000000000000000000000004444444443400444444444444444434343434300444343434343434000000000000000000000
0000000000000000000000003434343333333333344434434434434444444333333444444444444000000000000000000000
0000000000000000000000003344434304443443433344433344433333434343334443434343434000000000000000000000
0000000000000000000000000000000000000000000000000000000000000000000000000000000000000000000000000000
0000000000000000000000000000000000000000000000000000000000000000000000000000000000000000000000000000
