444444444444444444444444444444444444444444444444444444444444444444444444444444
400000000000000000000000000000000000000000000000000000000000000000000000000004
400444444444444000444444444444000400000000400400000000000000000000000000000004
400400000000000000400000000004000400000000400400000000000000000000000000000004
400444444444444000400000000004000400000000400400000000000000000000000000000004
400000000000004000400000000004000400000000400400000000000000000000000000000004
400444444444444000444444444444000444444444400444444444000000000000000000000004
400000000000000000000000000000000000000000000000000000000000000000000000000004
400000000000000000004000000000004000444444444440004444000040000000000000000004
400000000000000000000400000000040000400000000040004004400040000000000000000004
400000000000000000000040004000400000400000000040004000440040000000000000000004
400000000000000000000004040404000000400000000040004000044040000000000000000004
400000000000000000000000400040000000444444444440004000004440000000000000000004
400000000000000000000000000000000000000000000000000000000000000000000000000004
444444444444444444444444444444444444444444444444444444444444444444444444444444