0000000000010000000000000000000000000000000000000000000000000000000000000000000000000000010000000000
0000000000010000000000000000000000000000000000000000000000000000000000000000000000000000010000000000
0000000000010000000000000000000000000000000000000000000000000000000000000000000000000000010000000000
0000000000010000000000000000000000000000000000000000000000000000000000000000000000000000010000000000
0000000000010000000000000000000000000000000000000000000000000000000000000000000000000000010000000000
0000000000010000000000000000000000000000000000000000000000000000000000000000000000000000010000000000
0000000000010000000000000000000000000000000000000000000000000000000000000000000000000000010000000000
0000000000010000000000000000000000000000000000000000000000000000000000000000000000000000010000000000
0000000000010000000000000000000000000000000000000000000000000000000000000000000000000000010000000000
0000000000010000000000000000000000000000000000000000000000000000000000000000000000000000010000000000
0000000000010000000000000000000000000000000000000000000000000000000000000000000000000000010000000000
0000000000010000000000000000000000000000000000000000000000000000000000000000000000000000010000000000
0000000000010000000000000000000000000000000000000000000000000000000000000000000000000000010000000000
0000000000010000000000000000000000000000000000000000000000000000000000000000000000000000010000000000
0000000000010000000000000000000000000000000000000000000000000000000000000000000000000000010000000000
0000000000014444444444444444444444444444444444444444444444444444444444444444444444444444410000000000
0000000000014000000000000000000000000000000000000000000000000000000000000000000000000000410000000000
0000000000014004444444444000444444444444000440000004400440000000000000044000440000000000410000000000
0000000000014004000000000000440000000044000440000004400440000000000000044000440000000000410000000000
0000000000014004444444444000440000000044000440000004400440000000000000044000440000000000410000000000
0000000000014000000000004000440000000044000440000004400440000000000000044444444400000000410000000000
0000000000014004444444444000444444444444000444444444400444444444000000000000440000000000410000000000
0000000000014000000000000000000000000000000000000000000000000000000000000000000000000000410000000000
0000000000014000004444440044444444400000000444444440044444444000444444440044444444000000410000000000
0000000000014000000044000044000000000000000440000000044000044000440000000044000000000000410000000000
0000000000014000000044000044444444400000000444440000044444444000444444440044444444000000410000000000
0000000000014000000044000000000004400000000440000000044000440000440000000044000000000000410000000000
0000000000014000004444440044444444400000000440000000044000044000444444440044444444000000410000000000
0000000000014000000000000000000000000000000000000000000000000000000000000000000000000000410000000000
0000000000014444444444444444444444444444444444444444444444444444444444444444444444444444410000000000

